sigma=[0.109235647
0.086806979
0.115981194
0.147390519
0.157040582
0.156955089
0.153966342
0.125421975
0.165174947
0.23770759
0.163768166
0.162053801
0.155216355
0.369242865
0.42444048
0.364102501
0.370164972
0.27810167
0.232919218
0.146066419
0.177814328
0.267156851
0.154233857
0.17670664
0.138676916
0.194925715
0.213135751
0.188537473
0.232263756
0.265410727
0.138596265
0.179992154
0.121820638
0.189136927
0.249613686
0.441360945
0.305627531
0.248338183
0.199992544
0.221951398
0.205929706
0.213319777
0.184896173
0.18815415
0.437517549
0.228082164
0.197871738
0.156519725
0.208522421
0.22506215
0.218933793
0.135958194
0.116995691
0.163378776
0.131491789
0.130597603
0.104825074
0.113344954
0.175401399
0.106947986
0.092200658
0.118521367
0.115219944
0.08755564
0.168559075
0.155238457
0.138185032
0.149576052
0.14256477
0.125444004
0.099606778
0.110122644
0.119815805
0.132826242
0.192810867
0.159598686
0.210348359
0.251582098
0.19962348
0.32113613
0.235956305
0.18783833
0.28467243
0.203941895
0.309518091
0.313772154
0.393238133
0.39378317
0.295476879
0.338140737
0.386703088
0.203069512
0.312131863
0.257368117
0.220542434
0.310853758
0.273425482
0.268330528
0.223667781
0.214373764
0.166168068
0.12041518
0.218866529
0.180024361
0.253225267
0.236041827
0.199316528
0.151971738
0.143061922
0.307466896
0.436476652
0.257583973
0.265777833
0.49255096
0.231630616
0.356605981
0.225772467
0.207627732
0.233204864
0.145164244
0.17989538
0.162367892
0.250478371
0.219579243
0.302551908
0.187267719
0.222404099
0.118875613
0.17565284
0.122727466
0.242528264
0.298015804
0.274231664
0.192861311
0.200013609
0.101685489
0.137703259
0.158733247
0.148450022
0.144496308
0.185810758
0.171198389
0.144477306
0.136995383
0.159286571
0.170085687
0.114913779
0.193889164
0.139757673
0.122392705
0.29058142
0.139535991
0.130055459
0.12475163
0.07970349
0.153006656
0.129774546
0.132483271
0.218352376
0.089191669
0.116637646
0.103939668
0.093386771
0.239163224
0.165890352
0.17883468
0.182955393
0.216004389
0.202775033
0.203134907
0.18425462
0.213774838
0.139741778
0.350770825
0.166226733
0.186288632
0.240859435
0.220454476
0.196143434
0.18137071
0.3195666
0.259408816
0.183719154
0.273595127
0.217112111
0.242381218
0.189661352
0.277301248
0.297638005
0.225916149
0.170559048
0.269509099
0.164275011
0.196863477
0.20052312
0.37565027
0.355497099
0.424506202
0.379267658
0.214560767
0.172751508
0.187007949
0.222878499
0.224977647
0.180293593
0.185757361
0.17364862
0.179920954
0.207433101
0.157800552
0.368550643
0.305683024
0.2429331
0.140360997
0.18260125
0.594745034
0.171787939
0.178597362
0.276980355
0.225702209
0.220104265
0.178981519
0.135799948
0.131178131
0.079233855
0.120949663
0.111505476
0.099506701
0.113476111
0.179088896
0.218157236
0.169647198
0.11557002
0.128276003
0.170315433
0.126266146
0.136875913
0.419595161
0.217220606
0.337071392
0.18032119
0.145178539
0.123420935
0.182623453
0.162666591
0.146060939
0.167203146
0.120074045
0.173097753
0.139707564
0.139927762
0.196722749
0.221096143
0.180947241
0.179851199
0.116200214
0.166112295
0.097167126
0.207758296
0.103378391
0.117974313
0.143571714
0.135769166
0.104543021
0.148582449
0.218096869
0.170993514
0.142282743
0.141711102
0.123347692
0.111181305
0.257990464
0.233095329
0.186464732
0.12632194
0.217003814
0.192623954
0.128054375
0.140109802
0.12534001
0.193728908
0.213270319
0.149688496
0.185309783
0.108205695
0.183668905
0.232163408
0.179706228
0.101699529
0.106283615
0.132283812
0.129005531
0.093557096
0.086193098
0.143586516
0.127711921
0.150555251
0.270692365
0.366625585
0.272525278
0.232192226
0.155387796
0.176299668
0.213359196
0.095939592
0.255698097
0.21253065
0.1885938
0.112348142
0.175518615
0.123774113
0.090007576
0.075075885
0.081837914
0.101608184
0.089694991
0.122809214
0.075215175
0.099209355
0.131111455
0.079344678
0.107845102
0.089647506
0.108694645
0.132647125
0.08061122
0.0867758
0.09254501
0.097776895
0.122353295
0.075304413
0.097973513
0.089576788
0.111716376
0.179831197
0.198838589
0.074182863
0.096390342
0.128463945
0.117510887
0.100764776
0.086034356
0.078452648
0.115611509
0.081193811
0.103782259
0.101676871
0.114568551
0.116358391
0.156813806
0.11503322
0.122256646
0.120686845
0.088775499
0.151060401
0.087399636
0.099294079
0.079595615
0.092800799
0.073093742
0.094976315
0.089398367
0.092939636
0.135922392
0.115332776
0.112858781
0.096745006
0.096596771
0.155871118
0.083885155
0.10139234
0.084759348
0.088367572
0.139423441
0.068598181
0.073001611
0.146841249
0.079629833
0.072791125
0.084765564
0.14844849
0.097272782
0.06261803
0.074917497
0.060384339
0.077947116
0.081912141
0.085049342
0.086279411
0.065796615
0.051584191
0.147318983
0.151748524
0.075616134
0.083861618
0.124240889
0.108102159
0.096686119
0.135491349
0.118630689
0.084693122
0.118912654
0.146014766
0.102532661
0.095916969
0.081806738
0.114365395
0.147434858
0.107790058
0.097897539
0.105814912
0.089756718
0.125435826
0.174855672
0.097366676
0.085821167
0.092292615
0.123932505
0.089483499
0.080930135
0.134530308
0.08200893
0.128158492
0.085575012
0.069340408
0.1125623
0.083650887
0.083327835
0.075969956
0.078163027
0.143731203
0.094554677
0.105399512
0.141935446
0.109994778
0.112755555
0.16228132
0.137529466
0.154288787
0.130273455
0.125665455
0.138396633
0.146618399
0.099128888
0.114243411
0.088564015
0.133661158
0.153528993
0.154545425
0.128904062
0.136166577
0.173047804
0.141074402
0.147097654
0.134549369
0.130848801
0.151626797
0.175692878
0.108456386
0.110279689
0.197992982
0.112618028
0.098630919
0.06991032
0.07757871
0.078459467
0.12569009
0.08963772
0.226194252
0.088828796
0.07718712
0.082509145
0.063448029
0.068657405
0.088800131
0.074878019
0.03820454
0.056394632
0.09850361
0.071262316
0.088063256
0.15387843
0.082335354
0.116973914
0.107380369
0.067727367
0.085276669
0.063843441
0.051236996
0.117122332
0.094612316
0.088727383
0.049397798
0.056990549
0.162037606
0.105001093
0.077674828
0.040424542
0.063816112
0.048066717
0.112382833
0.101303084
0.091893422
0.073281226
0.093278799
0.113772236
0.074748155
0.079119363
0.118169098
0.097254221
0.14586888
0.093336132
0.090683689
0.093132854
0.071513164
0.101661952
0.09283035
0.076503305
0.06506254
0.065189174
0.090368392
0.139036369
0.095600218
0.10360642
0.085919774
0.106932625
0.075349389
0.053913664
0.045222192
0.225030033
0.124317334
0.085240859
0.069134101
0.098744642
0.094698382
0.215141372
0.090067528
0.077234268
0.062911127
0.069155137
0.085873637
0.075495927
0.064016527
0.084887558
0.136041584
0.150445961
0.070641319
0.116333285
0.110634415
0.094636775
0.077730524
0.130441593
0.164462638
0.074480202
0.069772005
0.134938892
0.059586102
0.069732837
0.057097194
0.105734105
0.061902443
0.05362246
0.138813821
0.06625289
0.141006795
0.117390536
0.105800966
0.088695501
0.203319729
0.140214106
0.146220113
0.15525664
0.128967035
0.161136659
0.142714852
0.117514291
0.156569817
0.112768985
0.094979894
0.221933898
0.13680852
0.095961668
0.090249312
0.089576966
0.202754606
0.221757473
0.118797342
0.053626743
0.082277999
0.054753043
0.065658579
0.072637719
0.045307101
0.093831302
0.054992056
0.062124565
0.046509501
0.054045687
0.041273254
0.113720201
0.111253319
0.073662959
0.134973877
0.07822526
0.072068278
0.106879122
0.105370675
0.111830735
0.058063247
0.078863214
0.089037359
0.073494991
0.150476574
0.110139696
0.094110998
0.072227822
0.065239861
0.062682906
0.091877549
0.077832133
0.086968004
0.070092387
0.069861516
0.071077252
0.097802097
0.098571793
0.069107182
0.044904148
0.058900159
0.056118978
0.064763474
0.046029438
0.096832944
0.103096441
0.097015626];

V=sigma.^2;